[gd_scene load_steps=11 format=3 uid="uid://yk72ewyxuvl7"]

[ext_resource type="Material" path="res://textures/WoodFloorMaterial.tres" id="1_rjdib"]
[ext_resource type="PackedScene" uid="uid://ctbowrlthk08g" path="res://scenes/dice_container.tscn" id="2_j8wy6"]

[sub_resource type="ProceduralSkyMaterial" id="ProceduralSkyMaterial_xqc0f"]
sky_top_color = Color(0.621403, 0.270336, 0.708605, 1)
sky_horizon_color = Color(0.705351, 0.609834, 0.710401, 1)
ground_horizon_color = Color(0.705351, 0.609834, 0.710401, 1)

[sub_resource type="Sky" id="Sky_gnkxe"]
sky_material = SubResource("ProceduralSkyMaterial_xqc0f")

[sub_resource type="Environment" id="Environment_xs4xw"]
background_mode = 2
sky = SubResource("Sky_gnkxe")
tonemap_mode = 2
glow_enabled = true

[sub_resource type="StandardMaterial3D" id="StandardMaterial3D_wujqk"]

[sub_resource type="PlaneMesh" id="PlaneMesh_yjksn"]
material = SubResource("StandardMaterial3D_wujqk")

[sub_resource type="BoxShape3D" id="BoxShape3D_gguhe"]
size = Vector3(13.1743, 0.492676, 10.3111)

[sub_resource type="BoxShape3D" id="BoxShape3D_5svg5"]
size = Vector3(1, 8.91614, 12.5461)

[sub_resource type="LabelSettings" id="LabelSettings_s1u6i"]
font_size = 64

[node name="PlayArea" type="Node3D"]

[node name="WorldEnvironment" type="WorldEnvironment" parent="."]
environment = SubResource("Environment_xs4xw")

[node name="MeshInstance3D" type="MeshInstance3D" parent="."]
transform = Transform3D(27.2938, 0, 0, 0, 1, 0, 0, 0, 25.5519, 0, 0, 0)
material_override = ExtResource("1_rjdib")
mesh = SubResource("PlaneMesh_yjksn")

[node name="StaticBody3D" type="StaticBody3D" parent="MeshInstance3D"]
transform = Transform3D(0.245776, 0, 0, 0, 1, 0, 0, 0, 0.312209, 0, 0, 0)

[node name="CollisionShape3D" type="CollisionShape3D" parent="MeshInstance3D/StaticBody3D"]
transform = Transform3D(0.999985, 0, 0, 0, 0.999988, 0, 0, 0, 1, 0.624132, -0.253662, -0.518631)
shape = SubResource("BoxShape3D_gguhe")

[node name="Camera3D" type="Camera3D" parent="."]
transform = Transform3D(0.999999, 0.00105756, 0.000879439, -0.00121131, 0.37423, 0.927335, 0.000651602, -0.927335, 0.374231, 0.228765, 5.83733, 2.42541)
fov = 85.4

[node name="SpotLight3D" type="SpotLight3D" parent="."]
transform = Transform3D(1, 0, 0, 0, -4.37114e-08, 1, 0, -1, -4.37114e-08, 0, 21.6221, 0.705426)
light_energy = 2.903
light_size = 0.539
spot_range = 78.4701

[node name="DiceContainer" parent="." node_paths=PackedStringArray("scoreLabel") instance=ExtResource("2_j8wy6")]
transform = Transform3D(-4.37114e-08, 0, 1.2089, 0, 1, 0, -1, 0, -5.28428e-08, 0, 0, 0)
scoreLabel = NodePath("../Panel/ScoreLabel")

[node name="Barrier" type="StaticBody3D" parent="."]
transform = Transform3D(0.979449, -0.201693, 0, 0.201693, 0.979449, 0, 0, 0, 1, 4.37161, 0, 0)

[node name="CollisionShape3D" type="CollisionShape3D" parent="Barrier"]
transform = Transform3D(1, 0, 0, 0, 1, 0, 0, 0, 1, 0, 3.95807, 1.71315)
shape = SubResource("BoxShape3D_5svg5")

[node name="Barrier2" type="StaticBody3D" parent="."]
transform = Transform3D(0.98258, 0.185838, 0, -0.185838, 0.98258, 0, 0, 0, 1, -4.91205, 0, 0)

[node name="CollisionShape3D" type="CollisionShape3D" parent="Barrier2"]
transform = Transform3D(1, 0, 0, 0, 1, 0, 0, 0, 1, 0, 3.95807, 1.71315)
shape = SubResource("BoxShape3D_5svg5")

[node name="Barrier3" type="StaticBody3D" parent="."]
transform = Transform3D(0.0272064, 0, 0.99963, 0.168823, 0.985636, -0.00459475, -0.985271, 0.168885, 0.0268156, -3.3743, 0, -4.34183)

[node name="CollisionShape3D" type="CollisionShape3D" parent="Barrier3"]
transform = Transform3D(1, 0, 0, 0, 1, 0, 0, 0, 1, 0, 3.95807, 1.71315)
shape = SubResource("BoxShape3D_5svg5")

[node name="Barrier5" type="StaticBody3D" parent="."]
transform = Transform3D(0.0272064, -1.444e-10, 0.99963, 0.998911, -0.0379169, -0.0271868, 0.0379029, 0.999281, -0.00103158, -3.4938, 7.46468, -1.82858)

[node name="CollisionShape3D" type="CollisionShape3D" parent="Barrier5"]
transform = Transform3D(1, 0, 0, 0, 1, 0, 0, 0, 1, 0, 3.95807, 1.71315)
shape = SubResource("BoxShape3D_5svg5")

[node name="Barrier4" type="StaticBody3D" parent="."]
transform = Transform3D(0.0272064, 0, 0.99963, -0.22196, 0.975037, 0.00604096, -0.974676, -0.222042, 0.0265273, -3.3743, 0, 4.55227)

[node name="CollisionShape3D" type="CollisionShape3D" parent="Barrier4"]
transform = Transform3D(1, 0, 0, 0, 1, 0, 0, 0, 1, 0, 3.95807, 1.71315)
shape = SubResource("BoxShape3D_5svg5")

[node name="Panel" type="Panel" parent="."]
self_modulate = Color(1, 1, 1, 0)
anchors_preset = 15
anchor_right = 1.0
anchor_bottom = 1.0
grow_horizontal = 2
grow_vertical = 2

[node name="ScoreLabel" type="Label" parent="Panel"]
layout_direction = 1
layout_mode = 1
anchors_preset = 1
anchor_left = 1.0
anchor_right = 1.0
offset_left = -40.0
offset_bottom = 23.0
grow_horizontal = 0
text = "Score: 0"
label_settings = SubResource("LabelSettings_s1u6i")

[node name="TargetLabel" type="Label" parent="Panel"]
layout_direction = 1
layout_mode = 1
anchors_preset = 1
anchor_left = 1.0
anchor_right = 1.0
offset_left = -270.0
offset_top = 97.0
offset_right = 86.0
offset_bottom = 185.0
grow_horizontal = 0
text = "Target: 0"
label_settings = SubResource("LabelSettings_s1u6i")

[node name="WinningsLabel" type="Label" parent="Panel"]
layout_direction = 1
layout_mode = 1
anchors_preset = 1
anchor_left = 1.0
anchor_right = 1.0
offset_left = -357.0
offset_top = 198.0
offset_right = -1.0
offset_bottom = 286.0
grow_horizontal = 0
text = "Winnings: 0"
label_settings = SubResource("LabelSettings_s1u6i")
